149 122
154 145
161 168
170 190
182 211
198 228
217 242
238 254
258 254
275 247
289 230
302 211
312 190
320 168
323 146
324 123
324 101
160 102
175 94
192 93
210 96
227 101
257 98
271 89
286 83
303 79
318 83
245 115
247 132
250 150
252 167
238 178
245 180
253 181
259 178
265 174
181 119
192 113
205 112
217 120
205 121
192 122
269 114
279 104
292 102
303 106
294 112
282 113
223 207
236 200
247 195
254 196
261 193
271 196
282 200
273 210
264 215
256 217
248 217
236 215
229 207
247 204
255 204
262 202
277 201
262 203
255 204
248 205
