113 299
118 330
126 360
134 391
144 421
160 447
180 470
205 487
235 491
263 483
287 465
306 440
321 414
330 383
335 353
341 323
344 292
127 277
144 263
167 263
188 268
210 275
241 275
262 268
283 263
305 263
323 275
227 300
227 323
227 345
228 368
209 383
219 385
230 388
240 385
251 382
152 304
165 295
181 296
194 307
179 310
163 310
260 306
271 295
287 294
300 301
289 308
274 309
193 422
209 417
222 411
232 414
241 411
254 415
270 418
255 430
242 436
232 437
221 437
208 432
200 423
222 422
232 423
242 421
263 420
242 420
232 422
222 421
